[Emotion]
Active=1
AnchorX=50.00000%
AnchorY=50.00000%
WindowX=50.00000%
WindowY=50.00000%

KeepOnScreen=0

[Rainmeter]
